WER: 0.2394678492239468
CER: 0.07967653704364372
