WER: 0.2309204061578775
CER: 0.07627700596904548